{
 "cells": [
  {
   "cell_type": "markdown",
   "id": "d1c3331e",
   "metadata": {},
   "source": [
    "# Importing All Required Libraries"
   ]
  },
  {
   "cell_type": "code",
   "execution_count": 1,
   "id": "50e96965",
   "metadata": {},
   "outputs": [],
   "source": [
    "import pandas as pd\n",
    "import numpy as np\n",
    "import seaborn as sns\n",
    "import matplotlib.pyplot as plt\n",
    "import warnings\n",
    "warnings.filterwarnings(\"ignore\")"
   ]
  },
  {
   "cell_type": "markdown",
   "id": "87948982",
   "metadata": {},
   "source": [
    "Importing Data to our Jupyter Notebook"
   ]
  },
  {
   "cell_type": "code",
   "execution_count": 2,
   "id": "e98a69e3",
   "metadata": {},
   "outputs": [],
   "source": [
    "Main = pd.read_csv('HousingData.csv')"
   ]
  },
  {
   "cell_type": "markdown",
   "id": "22eafcfc",
   "metadata": {},
   "source": [
    "# Task 1: EDA = Exploritory Data Analysis (Part - 1)"
   ]
  },
  {
   "cell_type": "markdown",
   "id": "a8d26193",
   "metadata": {},
   "source": [
    "Description of info(): we can clearly see that there are 506 entries in total and there are few missing values into the data.\n",
    "We have 14 Columns which Description as below."
   ]
  },
  {
   "cell_type": "markdown",
   "id": "cbae9197",
   "metadata": {},
   "source": [
    "CRIM: per capita crime rate by town"
   ]
  },
  {
   "cell_type": "markdown",
   "id": "afd3a6c9",
   "metadata": {},
   "source": [
    "ZN: proportion of residential land zoned for lots over 25,000 sq.ft."
   ]
  },
  {
   "cell_type": "markdown",
   "id": "8d9fc52e",
   "metadata": {},
   "source": [
    "INDUS: proportion of non-retail business acres per town"
   ]
  },
  {
   "cell_type": "markdown",
   "id": "e688cc6e",
   "metadata": {},
   "source": [
    "CHAS: Charles River dummy variable (= 1 if tract bounds river; 0 otherwise)"
   ]
  },
  {
   "cell_type": "markdown",
   "id": "e5a2c5ce",
   "metadata": {},
   "source": [
    "NOX: nitric oxides concentration (parts per 10 million)"
   ]
  },
  {
   "cell_type": "markdown",
   "id": "19578e50",
   "metadata": {},
   "source": [
    "RM: average number of rooms per dwelling"
   ]
  },
  {
   "cell_type": "markdown",
   "id": "8f36fe2f",
   "metadata": {},
   "source": [
    "AGE: proportion of owner-occupied units built prior to 1940"
   ]
  },
  {
   "cell_type": "markdown",
   "id": "5c9a8f65",
   "metadata": {},
   "source": [
    "DIS: weighted distances to five Boston employment centres"
   ]
  },
  {
   "cell_type": "markdown",
   "id": "3be1562f",
   "metadata": {},
   "source": [
    "RAD: index of accessibility to radial highways"
   ]
  },
  {
   "cell_type": "markdown",
   "id": "a82dfeb2",
   "metadata": {},
   "source": [
    "TAX: full-value property-tax rate per 10,000 Dollars"
   ]
  },
  {
   "cell_type": "markdown",
   "id": "15ada19e",
   "metadata": {},
   "source": [
    "PTRATIO: pupil-teacher ratio by town"
   ]
  },
  {
   "cell_type": "markdown",
   "id": "77cf4cbd",
   "metadata": {},
   "source": [
    "B: 1000(Bk - 0.63)^2 where Bk is the proportion of blacks by town"
   ]
  },
  {
   "cell_type": "markdown",
   "id": "a7a9c3ba",
   "metadata": {},
   "source": [
    "LSTAT: % lower status of the population"
   ]
  },
  {
   "cell_type": "markdown",
   "id": "438c4506",
   "metadata": {},
   "source": [
    "MEDV: Median value of owner-occupied homes in $1000's"
   ]
  },
  {
   "cell_type": "code",
   "execution_count": 3,
   "id": "fb1877f5",
   "metadata": {},
   "outputs": [
    {
     "name": "stdout",
     "output_type": "stream",
     "text": [
      "<class 'pandas.core.frame.DataFrame'>\n",
      "RangeIndex: 506 entries, 0 to 505\n",
      "Data columns (total 14 columns):\n",
      " #   Column   Non-Null Count  Dtype  \n",
      "---  ------   --------------  -----  \n",
      " 0   CRIM     486 non-null    float64\n",
      " 1   ZN       486 non-null    float64\n",
      " 2   INDUS    486 non-null    float64\n",
      " 3   CHAS     486 non-null    float64\n",
      " 4   NOX      506 non-null    float64\n",
      " 5   RM       506 non-null    float64\n",
      " 6   AGE      486 non-null    float64\n",
      " 7   DIS      506 non-null    float64\n",
      " 8   RAD      506 non-null    int64  \n",
      " 9   TAX      506 non-null    int64  \n",
      " 10  PTRATIO  506 non-null    float64\n",
      " 11  B        506 non-null    float64\n",
      " 12  LSTAT    486 non-null    float64\n",
      " 13  MEDV     506 non-null    float64\n",
      "dtypes: float64(12), int64(2)\n",
      "memory usage: 55.5 KB\n"
     ]
    }
   ],
   "source": [
    "Main.info()"
   ]
  },
  {
   "cell_type": "code",
   "execution_count": 4,
   "id": "931a1604",
   "metadata": {},
   "outputs": [
    {
     "data": {
      "text/html": [
       "<div>\n",
       "<style scoped>\n",
       "    .dataframe tbody tr th:only-of-type {\n",
       "        vertical-align: middle;\n",
       "    }\n",
       "\n",
       "    .dataframe tbody tr th {\n",
       "        vertical-align: top;\n",
       "    }\n",
       "\n",
       "    .dataframe thead th {\n",
       "        text-align: right;\n",
       "    }\n",
       "</style>\n",
       "<table border=\"1\" class=\"dataframe\">\n",
       "  <thead>\n",
       "    <tr style=\"text-align: right;\">\n",
       "      <th></th>\n",
       "      <th>CRIM</th>\n",
       "      <th>ZN</th>\n",
       "      <th>INDUS</th>\n",
       "      <th>CHAS</th>\n",
       "      <th>NOX</th>\n",
       "      <th>RM</th>\n",
       "      <th>AGE</th>\n",
       "      <th>DIS</th>\n",
       "      <th>RAD</th>\n",
       "      <th>TAX</th>\n",
       "      <th>PTRATIO</th>\n",
       "      <th>B</th>\n",
       "      <th>LSTAT</th>\n",
       "      <th>MEDV</th>\n",
       "    </tr>\n",
       "  </thead>\n",
       "  <tbody>\n",
       "    <tr>\n",
       "      <th>0</th>\n",
       "      <td>0.00632</td>\n",
       "      <td>18.0</td>\n",
       "      <td>2.31</td>\n",
       "      <td>0.0</td>\n",
       "      <td>0.538</td>\n",
       "      <td>6.575</td>\n",
       "      <td>65.2</td>\n",
       "      <td>4.0900</td>\n",
       "      <td>1</td>\n",
       "      <td>296</td>\n",
       "      <td>15.3</td>\n",
       "      <td>396.90</td>\n",
       "      <td>4.98</td>\n",
       "      <td>24.0</td>\n",
       "    </tr>\n",
       "    <tr>\n",
       "      <th>1</th>\n",
       "      <td>0.02731</td>\n",
       "      <td>0.0</td>\n",
       "      <td>7.07</td>\n",
       "      <td>0.0</td>\n",
       "      <td>0.469</td>\n",
       "      <td>6.421</td>\n",
       "      <td>78.9</td>\n",
       "      <td>4.9671</td>\n",
       "      <td>2</td>\n",
       "      <td>242</td>\n",
       "      <td>17.8</td>\n",
       "      <td>396.90</td>\n",
       "      <td>9.14</td>\n",
       "      <td>21.6</td>\n",
       "    </tr>\n",
       "    <tr>\n",
       "      <th>2</th>\n",
       "      <td>0.02729</td>\n",
       "      <td>0.0</td>\n",
       "      <td>7.07</td>\n",
       "      <td>0.0</td>\n",
       "      <td>0.469</td>\n",
       "      <td>7.185</td>\n",
       "      <td>61.1</td>\n",
       "      <td>4.9671</td>\n",
       "      <td>2</td>\n",
       "      <td>242</td>\n",
       "      <td>17.8</td>\n",
       "      <td>392.83</td>\n",
       "      <td>4.03</td>\n",
       "      <td>34.7</td>\n",
       "    </tr>\n",
       "    <tr>\n",
       "      <th>3</th>\n",
       "      <td>0.03237</td>\n",
       "      <td>0.0</td>\n",
       "      <td>2.18</td>\n",
       "      <td>0.0</td>\n",
       "      <td>0.458</td>\n",
       "      <td>6.998</td>\n",
       "      <td>45.8</td>\n",
       "      <td>6.0622</td>\n",
       "      <td>3</td>\n",
       "      <td>222</td>\n",
       "      <td>18.7</td>\n",
       "      <td>394.63</td>\n",
       "      <td>2.94</td>\n",
       "      <td>33.4</td>\n",
       "    </tr>\n",
       "    <tr>\n",
       "      <th>4</th>\n",
       "      <td>0.06905</td>\n",
       "      <td>0.0</td>\n",
       "      <td>2.18</td>\n",
       "      <td>0.0</td>\n",
       "      <td>0.458</td>\n",
       "      <td>7.147</td>\n",
       "      <td>54.2</td>\n",
       "      <td>6.0622</td>\n",
       "      <td>3</td>\n",
       "      <td>222</td>\n",
       "      <td>18.7</td>\n",
       "      <td>396.90</td>\n",
       "      <td>NaN</td>\n",
       "      <td>36.2</td>\n",
       "    </tr>\n",
       "  </tbody>\n",
       "</table>\n",
       "</div>"
      ],
      "text/plain": [
       "      CRIM    ZN  INDUS  CHAS    NOX     RM   AGE     DIS  RAD  TAX  PTRATIO  \\\n",
       "0  0.00632  18.0   2.31   0.0  0.538  6.575  65.2  4.0900    1  296     15.3   \n",
       "1  0.02731   0.0   7.07   0.0  0.469  6.421  78.9  4.9671    2  242     17.8   \n",
       "2  0.02729   0.0   7.07   0.0  0.469  7.185  61.1  4.9671    2  242     17.8   \n",
       "3  0.03237   0.0   2.18   0.0  0.458  6.998  45.8  6.0622    3  222     18.7   \n",
       "4  0.06905   0.0   2.18   0.0  0.458  7.147  54.2  6.0622    3  222     18.7   \n",
       "\n",
       "        B  LSTAT  MEDV  \n",
       "0  396.90   4.98  24.0  \n",
       "1  396.90   9.14  21.6  \n",
       "2  392.83   4.03  34.7  \n",
       "3  394.63   2.94  33.4  \n",
       "4  396.90    NaN  36.2  "
      ]
     },
     "execution_count": 4,
     "metadata": {},
     "output_type": "execute_result"
    }
   ],
   "source": [
    "Main.head(5)"
   ]
  },
  {
   "cell_type": "markdown",
   "id": "8fba9ce7",
   "metadata": {},
   "source": [
    "The Total Null Values in each column"
   ]
  },
  {
   "cell_type": "code",
   "execution_count": 5,
   "id": "f12d1010",
   "metadata": {},
   "outputs": [
    {
     "data": {
      "text/plain": [
       "CRIM       20\n",
       "ZN         20\n",
       "INDUS      20\n",
       "CHAS       20\n",
       "NOX         0\n",
       "RM          0\n",
       "AGE        20\n",
       "DIS         0\n",
       "RAD         0\n",
       "TAX         0\n",
       "PTRATIO     0\n",
       "B           0\n",
       "LSTAT      20\n",
       "MEDV        0\n",
       "dtype: int64"
      ]
     },
     "execution_count": 5,
     "metadata": {},
     "output_type": "execute_result"
    }
   ],
   "source": [
    "Main.isnull().sum()"
   ]
  },
  {
   "cell_type": "code",
   "execution_count": 37,
   "id": "c6b32ed9",
   "metadata": {},
   "outputs": [
    {
     "data": {
      "text/html": [
       "<div>\n",
       "<style scoped>\n",
       "    .dataframe tbody tr th:only-of-type {\n",
       "        vertical-align: middle;\n",
       "    }\n",
       "\n",
       "    .dataframe tbody tr th {\n",
       "        vertical-align: top;\n",
       "    }\n",
       "\n",
       "    .dataframe thead th {\n",
       "        text-align: right;\n",
       "    }\n",
       "</style>\n",
       "<table border=\"1\" class=\"dataframe\">\n",
       "  <thead>\n",
       "    <tr style=\"text-align: right;\">\n",
       "      <th></th>\n",
       "      <th>CRIM</th>\n",
       "      <th>ZN</th>\n",
       "      <th>INDUS</th>\n",
       "      <th>CHAS</th>\n",
       "      <th>NOX</th>\n",
       "      <th>RM</th>\n",
       "      <th>AGE</th>\n",
       "      <th>DIS</th>\n",
       "      <th>RAD</th>\n",
       "      <th>TAX</th>\n",
       "      <th>PTRATIO</th>\n",
       "      <th>B</th>\n",
       "      <th>LSTAT</th>\n",
       "      <th>MEDV</th>\n",
       "    </tr>\n",
       "  </thead>\n",
       "  <tbody>\n",
       "    <tr>\n",
       "      <th>count</th>\n",
       "      <td>321.000000</td>\n",
       "      <td>321.000000</td>\n",
       "      <td>321.000000</td>\n",
       "      <td>321.000000</td>\n",
       "      <td>321.000000</td>\n",
       "      <td>321.000000</td>\n",
       "      <td>321.000000</td>\n",
       "      <td>321.000000</td>\n",
       "      <td>321.000000</td>\n",
       "      <td>321.000000</td>\n",
       "      <td>321.000000</td>\n",
       "      <td>321.000000</td>\n",
       "      <td>321.000000</td>\n",
       "      <td>321.000000</td>\n",
       "    </tr>\n",
       "    <tr>\n",
       "      <th>mean</th>\n",
       "      <td>2.577980</td>\n",
       "      <td>6.311526</td>\n",
       "      <td>11.427563</td>\n",
       "      <td>0.084112</td>\n",
       "      <td>0.562562</td>\n",
       "      <td>6.264346</td>\n",
       "      <td>70.182739</td>\n",
       "      <td>3.599036</td>\n",
       "      <td>9.928349</td>\n",
       "      <td>413.137072</td>\n",
       "      <td>18.412150</td>\n",
       "      <td>344.914143</td>\n",
       "      <td>12.461200</td>\n",
       "      <td>22.362928</td>\n",
       "    </tr>\n",
       "    <tr>\n",
       "      <th>std</th>\n",
       "      <td>4.021623</td>\n",
       "      <td>14.667923</td>\n",
       "      <td>6.373857</td>\n",
       "      <td>0.277989</td>\n",
       "      <td>0.116101</td>\n",
       "      <td>0.582947</td>\n",
       "      <td>26.416001</td>\n",
       "      <td>1.787349</td>\n",
       "      <td>8.768436</td>\n",
       "      <td>169.639231</td>\n",
       "      <td>2.147108</td>\n",
       "      <td>100.194538</td>\n",
       "      <td>5.839386</td>\n",
       "      <td>8.241501</td>\n",
       "    </tr>\n",
       "    <tr>\n",
       "      <th>min</th>\n",
       "      <td>0.010960</td>\n",
       "      <td>0.000000</td>\n",
       "      <td>1.520000</td>\n",
       "      <td>0.000000</td>\n",
       "      <td>0.389000</td>\n",
       "      <td>3.561000</td>\n",
       "      <td>2.900000</td>\n",
       "      <td>1.129600</td>\n",
       "      <td>1.000000</td>\n",
       "      <td>188.000000</td>\n",
       "      <td>13.000000</td>\n",
       "      <td>0.320000</td>\n",
       "      <td>1.730000</td>\n",
       "      <td>7.000000</td>\n",
       "    </tr>\n",
       "    <tr>\n",
       "      <th>25%</th>\n",
       "      <td>0.098490</td>\n",
       "      <td>0.000000</td>\n",
       "      <td>6.060000</td>\n",
       "      <td>0.000000</td>\n",
       "      <td>0.464000</td>\n",
       "      <td>5.920000</td>\n",
       "      <td>52.600000</td>\n",
       "      <td>2.122400</td>\n",
       "      <td>4.000000</td>\n",
       "      <td>284.000000</td>\n",
       "      <td>16.900000</td>\n",
       "      <td>360.200000</td>\n",
       "      <td>7.830000</td>\n",
       "      <td>17.200000</td>\n",
       "    </tr>\n",
       "    <tr>\n",
       "      <th>50%</th>\n",
       "      <td>0.375780</td>\n",
       "      <td>0.000000</td>\n",
       "      <td>10.010000</td>\n",
       "      <td>0.000000</td>\n",
       "      <td>0.538000</td>\n",
       "      <td>6.216000</td>\n",
       "      <td>76.700000</td>\n",
       "      <td>3.102500</td>\n",
       "      <td>5.000000</td>\n",
       "      <td>330.000000</td>\n",
       "      <td>18.800000</td>\n",
       "      <td>387.110000</td>\n",
       "      <td>12.120000</td>\n",
       "      <td>21.400000</td>\n",
       "    </tr>\n",
       "    <tr>\n",
       "      <th>75%</th>\n",
       "      <td>3.611874</td>\n",
       "      <td>0.000000</td>\n",
       "      <td>18.100000</td>\n",
       "      <td>0.000000</td>\n",
       "      <td>0.631000</td>\n",
       "      <td>6.590000</td>\n",
       "      <td>92.900000</td>\n",
       "      <td>4.502600</td>\n",
       "      <td>24.000000</td>\n",
       "      <td>666.000000</td>\n",
       "      <td>20.200000</td>\n",
       "      <td>393.360000</td>\n",
       "      <td>16.230000</td>\n",
       "      <td>24.800000</td>\n",
       "    </tr>\n",
       "    <tr>\n",
       "      <th>max</th>\n",
       "      <td>20.716200</td>\n",
       "      <td>75.000000</td>\n",
       "      <td>27.740000</td>\n",
       "      <td>1.000000</td>\n",
       "      <td>0.871000</td>\n",
       "      <td>7.831000</td>\n",
       "      <td>100.000000</td>\n",
       "      <td>8.055500</td>\n",
       "      <td>24.000000</td>\n",
       "      <td>711.000000</td>\n",
       "      <td>21.000000</td>\n",
       "      <td>396.420000</td>\n",
       "      <td>29.530000</td>\n",
       "      <td>50.000000</td>\n",
       "    </tr>\n",
       "  </tbody>\n",
       "</table>\n",
       "</div>"
      ],
      "text/plain": [
       "             CRIM          ZN       INDUS        CHAS         NOX          RM  \\\n",
       "count  321.000000  321.000000  321.000000  321.000000  321.000000  321.000000   \n",
       "mean     2.577980    6.311526   11.427563    0.084112    0.562562    6.264346   \n",
       "std      4.021623   14.667923    6.373857    0.277989    0.116101    0.582947   \n",
       "min      0.010960    0.000000    1.520000    0.000000    0.389000    3.561000   \n",
       "25%      0.098490    0.000000    6.060000    0.000000    0.464000    5.920000   \n",
       "50%      0.375780    0.000000   10.010000    0.000000    0.538000    6.216000   \n",
       "75%      3.611874    0.000000   18.100000    0.000000    0.631000    6.590000   \n",
       "max     20.716200   75.000000   27.740000    1.000000    0.871000    7.831000   \n",
       "\n",
       "              AGE         DIS         RAD         TAX     PTRATIO           B  \\\n",
       "count  321.000000  321.000000  321.000000  321.000000  321.000000  321.000000   \n",
       "mean    70.182739    3.599036    9.928349  413.137072   18.412150  344.914143   \n",
       "std     26.416001    1.787349    8.768436  169.639231    2.147108  100.194538   \n",
       "min      2.900000    1.129600    1.000000  188.000000   13.000000    0.320000   \n",
       "25%     52.600000    2.122400    4.000000  284.000000   16.900000  360.200000   \n",
       "50%     76.700000    3.102500    5.000000  330.000000   18.800000  387.110000   \n",
       "75%     92.900000    4.502600   24.000000  666.000000   20.200000  393.360000   \n",
       "max    100.000000    8.055500   24.000000  711.000000   21.000000  396.420000   \n",
       "\n",
       "            LSTAT        MEDV  \n",
       "count  321.000000  321.000000  \n",
       "mean    12.461200   22.362928  \n",
       "std      5.839386    8.241501  \n",
       "min      1.730000    7.000000  \n",
       "25%      7.830000   17.200000  \n",
       "50%     12.120000   21.400000  \n",
       "75%     16.230000   24.800000  \n",
       "max     29.530000   50.000000  "
      ]
     },
     "execution_count": 37,
     "metadata": {},
     "output_type": "execute_result"
    }
   ],
   "source": [
    "Main.describe() #Description of Data"
   ]
  },
  {
   "cell_type": "code",
   "execution_count": 38,
   "id": "498db39e",
   "metadata": {},
   "outputs": [
    {
     "data": {
      "text/html": [
       "<div>\n",
       "<style scoped>\n",
       "    .dataframe tbody tr th:only-of-type {\n",
       "        vertical-align: middle;\n",
       "    }\n",
       "\n",
       "    .dataframe tbody tr th {\n",
       "        vertical-align: top;\n",
       "    }\n",
       "\n",
       "    .dataframe thead th {\n",
       "        text-align: right;\n",
       "    }\n",
       "</style>\n",
       "<table border=\"1\" class=\"dataframe\">\n",
       "  <thead>\n",
       "    <tr style=\"text-align: right;\">\n",
       "      <th></th>\n",
       "      <th>CRIM</th>\n",
       "      <th>ZN</th>\n",
       "      <th>INDUS</th>\n",
       "      <th>CHAS</th>\n",
       "      <th>NOX</th>\n",
       "      <th>RM</th>\n",
       "      <th>AGE</th>\n",
       "      <th>DIS</th>\n",
       "      <th>RAD</th>\n",
       "      <th>TAX</th>\n",
       "      <th>PTRATIO</th>\n",
       "      <th>B</th>\n",
       "      <th>LSTAT</th>\n",
       "      <th>MEDV</th>\n",
       "    </tr>\n",
       "  </thead>\n",
       "  <tbody>\n",
       "    <tr>\n",
       "      <th>CRIM</th>\n",
       "      <td>1.000000</td>\n",
       "      <td>-0.234246</td>\n",
       "      <td>0.537164</td>\n",
       "      <td>-0.038638</td>\n",
       "      <td>0.548214</td>\n",
       "      <td>-0.157272</td>\n",
       "      <td>0.433803</td>\n",
       "      <td>-0.486592</td>\n",
       "      <td>0.820123</td>\n",
       "      <td>0.776575</td>\n",
       "      <td>0.375207</td>\n",
       "      <td>-0.533073</td>\n",
       "      <td>0.496826</td>\n",
       "      <td>-0.360421</td>\n",
       "    </tr>\n",
       "    <tr>\n",
       "      <th>ZN</th>\n",
       "      <td>-0.234246</td>\n",
       "      <td>1.000000</td>\n",
       "      <td>-0.448000</td>\n",
       "      <td>-0.023307</td>\n",
       "      <td>-0.418805</td>\n",
       "      <td>0.278924</td>\n",
       "      <td>-0.455012</td>\n",
       "      <td>0.562668</td>\n",
       "      <td>-0.257135</td>\n",
       "      <td>-0.285738</td>\n",
       "      <td>-0.369933</td>\n",
       "      <td>0.183273</td>\n",
       "      <td>-0.370407</td>\n",
       "      <td>0.288001</td>\n",
       "    </tr>\n",
       "    <tr>\n",
       "      <th>INDUS</th>\n",
       "      <td>0.537164</td>\n",
       "      <td>-0.448000</td>\n",
       "      <td>1.000000</td>\n",
       "      <td>0.043880</td>\n",
       "      <td>0.686054</td>\n",
       "      <td>-0.320043</td>\n",
       "      <td>0.542334</td>\n",
       "      <td>-0.657479</td>\n",
       "      <td>0.590287</td>\n",
       "      <td>0.683309</td>\n",
       "      <td>0.287171</td>\n",
       "      <td>-0.403916</td>\n",
       "      <td>0.496806</td>\n",
       "      <td>-0.368039</td>\n",
       "    </tr>\n",
       "    <tr>\n",
       "      <th>CHAS</th>\n",
       "      <td>-0.038638</td>\n",
       "      <td>-0.023307</td>\n",
       "      <td>0.043880</td>\n",
       "      <td>1.000000</td>\n",
       "      <td>0.060876</td>\n",
       "      <td>0.106112</td>\n",
       "      <td>0.079657</td>\n",
       "      <td>-0.093458</td>\n",
       "      <td>0.006326</td>\n",
       "      <td>-0.034174</td>\n",
       "      <td>-0.080775</td>\n",
       "      <td>0.075489</td>\n",
       "      <td>-0.057151</td>\n",
       "      <td>0.227926</td>\n",
       "    </tr>\n",
       "    <tr>\n",
       "      <th>NOX</th>\n",
       "      <td>0.548214</td>\n",
       "      <td>-0.418805</td>\n",
       "      <td>0.686054</td>\n",
       "      <td>0.060876</td>\n",
       "      <td>1.000000</td>\n",
       "      <td>-0.245082</td>\n",
       "      <td>0.654333</td>\n",
       "      <td>-0.747513</td>\n",
       "      <td>0.564604</td>\n",
       "      <td>0.617146</td>\n",
       "      <td>0.066624</td>\n",
       "      <td>-0.431466</td>\n",
       "      <td>0.514310</td>\n",
       "      <td>-0.331190</td>\n",
       "    </tr>\n",
       "    <tr>\n",
       "      <th>RM</th>\n",
       "      <td>-0.157272</td>\n",
       "      <td>0.278924</td>\n",
       "      <td>-0.320043</td>\n",
       "      <td>0.106112</td>\n",
       "      <td>-0.245082</td>\n",
       "      <td>1.000000</td>\n",
       "      <td>-0.181893</td>\n",
       "      <td>0.162201</td>\n",
       "      <td>-0.113841</td>\n",
       "      <td>-0.198016</td>\n",
       "      <td>-0.267953</td>\n",
       "      <td>0.086218</td>\n",
       "      <td>-0.455396</td>\n",
       "      <td>0.547155</td>\n",
       "    </tr>\n",
       "    <tr>\n",
       "      <th>AGE</th>\n",
       "      <td>0.433803</td>\n",
       "      <td>-0.455012</td>\n",
       "      <td>0.542334</td>\n",
       "      <td>0.079657</td>\n",
       "      <td>0.654333</td>\n",
       "      <td>-0.181893</td>\n",
       "      <td>1.000000</td>\n",
       "      <td>-0.698226</td>\n",
       "      <td>0.396135</td>\n",
       "      <td>0.436997</td>\n",
       "      <td>0.182863</td>\n",
       "      <td>-0.277037</td>\n",
       "      <td>0.545286</td>\n",
       "      <td>-0.301971</td>\n",
       "    </tr>\n",
       "    <tr>\n",
       "      <th>DIS</th>\n",
       "      <td>-0.486592</td>\n",
       "      <td>0.562668</td>\n",
       "      <td>-0.657479</td>\n",
       "      <td>-0.093458</td>\n",
       "      <td>-0.747513</td>\n",
       "      <td>0.162201</td>\n",
       "      <td>-0.698226</td>\n",
       "      <td>1.000000</td>\n",
       "      <td>-0.467074</td>\n",
       "      <td>-0.518076</td>\n",
       "      <td>-0.144482</td>\n",
       "      <td>0.340581</td>\n",
       "      <td>-0.439162</td>\n",
       "      <td>0.138795</td>\n",
       "    </tr>\n",
       "    <tr>\n",
       "      <th>RAD</th>\n",
       "      <td>0.820123</td>\n",
       "      <td>-0.257135</td>\n",
       "      <td>0.590287</td>\n",
       "      <td>0.006326</td>\n",
       "      <td>0.564604</td>\n",
       "      <td>-0.113841</td>\n",
       "      <td>0.396135</td>\n",
       "      <td>-0.467074</td>\n",
       "      <td>1.000000</td>\n",
       "      <td>0.922831</td>\n",
       "      <td>0.489691</td>\n",
       "      <td>-0.475606</td>\n",
       "      <td>0.407919</td>\n",
       "      <td>-0.280554</td>\n",
       "    </tr>\n",
       "    <tr>\n",
       "      <th>TAX</th>\n",
       "      <td>0.776575</td>\n",
       "      <td>-0.285738</td>\n",
       "      <td>0.683309</td>\n",
       "      <td>-0.034174</td>\n",
       "      <td>0.617146</td>\n",
       "      <td>-0.198016</td>\n",
       "      <td>0.436997</td>\n",
       "      <td>-0.518076</td>\n",
       "      <td>0.922831</td>\n",
       "      <td>1.000000</td>\n",
       "      <td>0.442286</td>\n",
       "      <td>-0.480139</td>\n",
       "      <td>0.445883</td>\n",
       "      <td>-0.359319</td>\n",
       "    </tr>\n",
       "    <tr>\n",
       "      <th>PTRATIO</th>\n",
       "      <td>0.375207</td>\n",
       "      <td>-0.369933</td>\n",
       "      <td>0.287171</td>\n",
       "      <td>-0.080775</td>\n",
       "      <td>0.066624</td>\n",
       "      <td>-0.267953</td>\n",
       "      <td>0.182863</td>\n",
       "      <td>-0.144482</td>\n",
       "      <td>0.489691</td>\n",
       "      <td>0.442286</td>\n",
       "      <td>1.000000</td>\n",
       "      <td>-0.194202</td>\n",
       "      <td>0.358221</td>\n",
       "      <td>-0.410473</td>\n",
       "    </tr>\n",
       "    <tr>\n",
       "      <th>B</th>\n",
       "      <td>-0.533073</td>\n",
       "      <td>0.183273</td>\n",
       "      <td>-0.403916</td>\n",
       "      <td>0.075489</td>\n",
       "      <td>-0.431466</td>\n",
       "      <td>0.086218</td>\n",
       "      <td>-0.277037</td>\n",
       "      <td>0.340581</td>\n",
       "      <td>-0.475606</td>\n",
       "      <td>-0.480139</td>\n",
       "      <td>-0.194202</td>\n",
       "      <td>1.000000</td>\n",
       "      <td>-0.471254</td>\n",
       "      <td>0.410849</td>\n",
       "    </tr>\n",
       "    <tr>\n",
       "      <th>LSTAT</th>\n",
       "      <td>0.496826</td>\n",
       "      <td>-0.370407</td>\n",
       "      <td>0.496806</td>\n",
       "      <td>-0.057151</td>\n",
       "      <td>0.514310</td>\n",
       "      <td>-0.455396</td>\n",
       "      <td>0.545286</td>\n",
       "      <td>-0.439162</td>\n",
       "      <td>0.407919</td>\n",
       "      <td>0.445883</td>\n",
       "      <td>0.358221</td>\n",
       "      <td>-0.471254</td>\n",
       "      <td>1.000000</td>\n",
       "      <td>-0.731104</td>\n",
       "    </tr>\n",
       "    <tr>\n",
       "      <th>MEDV</th>\n",
       "      <td>-0.360421</td>\n",
       "      <td>0.288001</td>\n",
       "      <td>-0.368039</td>\n",
       "      <td>0.227926</td>\n",
       "      <td>-0.331190</td>\n",
       "      <td>0.547155</td>\n",
       "      <td>-0.301971</td>\n",
       "      <td>0.138795</td>\n",
       "      <td>-0.280554</td>\n",
       "      <td>-0.359319</td>\n",
       "      <td>-0.410473</td>\n",
       "      <td>0.410849</td>\n",
       "      <td>-0.731104</td>\n",
       "      <td>1.000000</td>\n",
       "    </tr>\n",
       "  </tbody>\n",
       "</table>\n",
       "</div>"
      ],
      "text/plain": [
       "             CRIM        ZN     INDUS      CHAS       NOX        RM       AGE  \\\n",
       "CRIM     1.000000 -0.234246  0.537164 -0.038638  0.548214 -0.157272  0.433803   \n",
       "ZN      -0.234246  1.000000 -0.448000 -0.023307 -0.418805  0.278924 -0.455012   \n",
       "INDUS    0.537164 -0.448000  1.000000  0.043880  0.686054 -0.320043  0.542334   \n",
       "CHAS    -0.038638 -0.023307  0.043880  1.000000  0.060876  0.106112  0.079657   \n",
       "NOX      0.548214 -0.418805  0.686054  0.060876  1.000000 -0.245082  0.654333   \n",
       "RM      -0.157272  0.278924 -0.320043  0.106112 -0.245082  1.000000 -0.181893   \n",
       "AGE      0.433803 -0.455012  0.542334  0.079657  0.654333 -0.181893  1.000000   \n",
       "DIS     -0.486592  0.562668 -0.657479 -0.093458 -0.747513  0.162201 -0.698226   \n",
       "RAD      0.820123 -0.257135  0.590287  0.006326  0.564604 -0.113841  0.396135   \n",
       "TAX      0.776575 -0.285738  0.683309 -0.034174  0.617146 -0.198016  0.436997   \n",
       "PTRATIO  0.375207 -0.369933  0.287171 -0.080775  0.066624 -0.267953  0.182863   \n",
       "B       -0.533073  0.183273 -0.403916  0.075489 -0.431466  0.086218 -0.277037   \n",
       "LSTAT    0.496826 -0.370407  0.496806 -0.057151  0.514310 -0.455396  0.545286   \n",
       "MEDV    -0.360421  0.288001 -0.368039  0.227926 -0.331190  0.547155 -0.301971   \n",
       "\n",
       "              DIS       RAD       TAX   PTRATIO         B     LSTAT      MEDV  \n",
       "CRIM    -0.486592  0.820123  0.776575  0.375207 -0.533073  0.496826 -0.360421  \n",
       "ZN       0.562668 -0.257135 -0.285738 -0.369933  0.183273 -0.370407  0.288001  \n",
       "INDUS   -0.657479  0.590287  0.683309  0.287171 -0.403916  0.496806 -0.368039  \n",
       "CHAS    -0.093458  0.006326 -0.034174 -0.080775  0.075489 -0.057151  0.227926  \n",
       "NOX     -0.747513  0.564604  0.617146  0.066624 -0.431466  0.514310 -0.331190  \n",
       "RM       0.162201 -0.113841 -0.198016 -0.267953  0.086218 -0.455396  0.547155  \n",
       "AGE     -0.698226  0.396135  0.436997  0.182863 -0.277037  0.545286 -0.301971  \n",
       "DIS      1.000000 -0.467074 -0.518076 -0.144482  0.340581 -0.439162  0.138795  \n",
       "RAD     -0.467074  1.000000  0.922831  0.489691 -0.475606  0.407919 -0.280554  \n",
       "TAX     -0.518076  0.922831  1.000000  0.442286 -0.480139  0.445883 -0.359319  \n",
       "PTRATIO -0.144482  0.489691  0.442286  1.000000 -0.194202  0.358221 -0.410473  \n",
       "B        0.340581 -0.475606 -0.480139 -0.194202  1.000000 -0.471254  0.410849  \n",
       "LSTAT   -0.439162  0.407919  0.445883  0.358221 -0.471254  1.000000 -0.731104  \n",
       "MEDV     0.138795 -0.280554 -0.359319 -0.410473  0.410849 -0.731104  1.000000  "
      ]
     },
     "execution_count": 38,
     "metadata": {},
     "output_type": "execute_result"
    }
   ],
   "source": [
    "Main.corr() #correlation between all data"
   ]
  },
  {
   "cell_type": "markdown",
   "id": "9f26b8e2",
   "metadata": {},
   "source": [
    "The Below graph showcase the correlation of data with interrelatibility."
   ]
  },
  {
   "cell_type": "code",
   "execution_count": 8,
   "id": "d3a15606",
   "metadata": {},
   "outputs": [
    {
     "data": {
